"","Id","MSSubClass","LotFrontage","LotArea","OverallQual","OverallCond","YearBuilt","YearRemodAdd","MasVnrArea","BsmtFinSF1","BsmtFinSF2","BsmtUnfSF","TotalBsmtSF","X1stFlrSF","X2ndFlrSF","LowQualFinSF","GrLivArea","BsmtFullBath","BsmtHalfBath","FullBath","HalfBath","BedroomAbvGr","KitchenAbvGr","TotRmsAbvGrd","Fireplaces","GarageYrBlt","GarageCars","GarageArea","WoodDeckSF","OpenPorchSF","EnclosedPorch","X3SsnPorch","ScreenPorch","PoolArea","MiscVal","MoSold","YrSold","SalePrice"
"Id",1,0.0111564779654145,-0.0106006888672709,-0.0332255177199841,-0.0283647533506155,0.0126089248806238,-0.0127127151936293,-0.0219976417720318,-0.0502977967262268,-0.0050240489654243,-0.00596767198294401,-0.00793970376253128,-0.0154145658016205,0.0104960408061743,0.00558984884992242,-0.0442299582064152,0.00827275775372982,0.00228855549357831,-0.020154744386673,0.00558745302259922,0.00678381137549877,0.037718553096056,0.00295123644173145,0.0272387247532606,-0.0197716318070889,7.23902339814231e-05,0.0165696777403355,0.0176337789744139,-0.0296431966125965,-0.000476911314763129,0.00288921780884266,-0.0466347895562649,0.0013302086153999,0.05704390630126,-0.00624240469187498,0.0211721770465374,0.000711794011294842,-0.0219167191535234
"MSSubClass",0.0111564779654145,1,-0.386346876621246,-0.139781087636948,0.032627709209919,-0.0593158155679703,0.0278501361608505,0.0405810438096523,0.0229362864047289,-0.069835752248764,-0.065648578107357,-0.140759482979774,-0.2385184019804,-0.251758337020874,0.307885706424713,0.0464737564325333,0.0748531818389893,0.00349102588370442,-0.00233253464102745,0.131608217954636,0.177354395389557,-0.0234380289912224,0.281721025705338,0.0403800643980503,-0.0455693416297436,0.0850718691945076,-0.0401097945868969,-0.0986715406179428,-0.0125793581828475,-0.00610012141987681,-0.0120366215705872,-0.0438245497643948,-0.0260301772505045,0.00828270800411701,-0.00768329109996557,-0.0135846436023712,-0.0214070379734039,-0.084284134209156
"LotFrontage",-0.0106006888672709,-0.386346876621246,1,0.426095008850098,0.251645773649216,-0.0592134483158588,0.123349465429783,0.0888655707240105,0.193458065390587,0.233633160591125,0.0498996749520302,0.13264374434948,0.392074584960938,0.457181006669998,0.0801772698760033,0.0384685359895229,0.402797400951385,0.100948564708233,-0.00723430467769504,0.198768675327301,0.0535318553447723,0.263169914484024,-0.0060688303783536,0.35209596157074,0.266639471054077,0.0702497810125351,0.285690933465958,0.344996720552444,0.0885209366679192,0.151972234249115,0.0107003366574645,0.070029228925705,0.0413827896118164,0.2061667740345,0.00336755649186671,0.0111999548971653,0.00744958920404315,0.351799100637436
"LotArea",-0.0332255177199841,-0.139781087636948,0.426095008850098,1,0.105805739760399,-0.00563627015799284,0.0142276519909501,0.0137884272262454,0.104159824550152,0.214103132486343,0.111169748008251,-0.00261835986748338,0.260833144187927,0.299474567174911,0.0509859472513199,0.00477897003293037,0.263116180896759,0.158154532313347,0.0480455718934536,0.126030623912811,0.0142594687640667,0.119689911603928,-0.0177838709205389,0.190014779567719,0.271364003419876,-0.0249474178999662,0.154870733618736,0.180402755737305,0.171697691082954,0.0847738087177277,-0.0183397345244884,0.0204228293150663,0.0431603789329529,0.0776723921298981,0.0380676910281181,0.00120498822070658,-0.0142614068463445,0.263843357563019
"OverallQual",-0.0283647533506155,0.032627709209919,0.251645773649216,0.105805739760399,1,-0.0919323414564133,0.57232278585434,0.550683915615082,0.411875665187836,0.239665970206261,-0.0591186918318272,0.308158934116364,0.537808477878571,0.476223826408386,0.295492887496948,-0.030429283156991,0.593007445335388,0.111097782850266,-0.0401501581072807,0.550599694252014,0.27345809340477,0.101676359772682,-0.183882236480713,0.427452355623245,0.396765023469925,0.547765851020813,0.600670695304871,0.562021732330322,0.238923385739326,0.308818817138672,-0.113936856389046,0.0303705669939518,0.0648863613605499,0.0651658400893211,-0.0314062088727951,0.0708151683211327,-0.027346707880497,0.790981590747833
"OverallCond",0.0126089248806238,-0.0593158155679703,-0.0592134483158588,-0.00563627015799284,-0.0919323414564133,1,-0.375983208417892,0.0737414956092834,-0.128101199865341,-0.0462308563292027,0.0402291715145111,-0.13684056699276,-0.17109751701355,-0.144202783703804,0.0289421156048775,0.0254943203181028,-0.0796858668327332,-0.0549415163695812,0.117820918560028,-0.194149494171143,-0.0607693269848824,0.0129800597205758,-0.0870008543133736,-0.0575831644237041,-0.0238199774175882,-0.324296742677689,-0.185757517814636,-0.151521369814873,-0.00333369919098914,-0.0325888134539127,0.0703561827540398,0.0255036596208811,0.0548105277121067,-0.00198494223877788,0.0687768086791039,-0.00351083860732615,0.0439497455954552,-0.0778558924794197
"YearBuilt",-0.0127127151936293,0.0278501361608505,0.123349465429783,0.0142276519909501,0.57232278585434,-0.375983208417892,1,0.592854976654053,0.315707057714462,0.249503195285797,-0.0491068325936794,0.149040386080742,0.391452014446259,0.281985849142075,0.0103076593950391,-0.183784350752831,0.199009716510773,0.187598556280136,-0.0381618067622185,0.468270778656006,0.242655903100967,-0.0706512182950974,-0.174800246953964,0.0955891311168671,0.147716403007507,0.825667500495911,0.537850081920624,0.478953808546066,0.224880144000053,0.188685834407806,-0.387267768383026,0.0313545130193233,-0.0503644347190857,0.00494972756132483,-0.0343831405043602,0.0123984701931477,-0.0136176804080606,0.522897303104401
"YearRemodAdd",-0.0219976417720318,0.0405810438096523,0.0888655707240105,0.0137884272262454,0.550683915615082,0.0737414956092834,0.592854976654053,1,0.179618373513222,0.12845054268837,-0.0677585154771805,0.181133091449738,0.291065573692322,0.240379273891449,0.140023782849312,-0.0624191015958786,0.287388533353806,0.119469881057739,-0.0123370317742229,0.43904647231102,0.183330610394478,-0.0405809283256531,-0.149597525596619,0.191739812493324,0.112581320106983,0.642276763916016,0.420622140169144,0.371599823236465,0.20572592318058,0.226297631859779,-0.193919152021408,0.0452858097851276,-0.0387400090694427,0.00582937197759748,-0.0102862492203712,0.0214900020509958,0.0357432477176189,0.507100939750671
"MasVnrArea",-0.0502977967262268,0.0229362864047289,0.193458065390587,0.104159824550152,0.411875665187836,-0.128101199865341,0.315707057714462,0.179618373513222,1,0.264736264944077,-0.0723188444972038,0.114442065358162,0.363936215639114,0.344500750303268,0.174561470746994,-0.069070853292942,0.39085665345192,0.0853098258376122,0.0266728289425373,0.276832848787308,0.201443940401077,0.10282114893198,-0.0376102514564991,0.280681699514389,0.24906961619854,0.252690762281418,0.364203631877899,0.373066484928131,0.15971814095974,0.125702798366547,-0.110203832387924,0.0187955144792795,0.0614655427634716,0.0117230610921979,-0.0298153944313526,-0.00596471549943089,-0.00820103101432323,0.477493047714233
"BsmtFinSF1",-0.0050240489654243,-0.069835752248764,0.233633160591125,0.214103132486343,0.239665970206261,-0.0462308563292027,0.249503195285797,0.12845054268837,0.264736264944077,1,-0.0501173995435238,-0.495251476764679,0.52239602804184,0.445862650871277,-0.137078985571861,-0.0645025968551636,0.208171129226685,0.649211764335632,0.0674184784293175,0.0585431382060051,0.00426242453977466,-0.107354678213596,-0.0810068473219872,0.0443156249821186,0.260010927915573,0.153484091162682,0.224053516983986,0.296970397233963,0.20430614054203,0.11176061630249,-0.102303303778172,0.0264505054801702,0.0620206221938133,0.140491291880608,0.00357147352769971,-0.0157269481569529,0.0143589228391647,0.386419802904129
"BsmtFinSF2",-0.00596767198294401,-0.065648578107357,0.0498996749520302,0.111169748008251,-0.0591186918318272,0.0402291715145111,-0.0491068325936794,-0.0677585154771805,-0.0723188444972038,-0.0501173995435238,1,-0.209294497966766,0.104809537529945,0.0971174463629723,-0.0992603152990341,0.014806997962296,-0.00963989179581404,0.15867805480957,0.0709481313824654,-0.0764438584446907,-0.0321478359401226,-0.0157281141728163,-0.0407512374222279,-0.035226546227932,0.0469207093119621,-0.0880108177661896,-0.0382635146379471,-0.0182265918701887,0.0678983256220818,0.00309256231412292,0.0365433394908905,-0.0299933981150389,0.0888712480664253,0.041709054261446,0.00493978103622794,-0.0152107384055853,0.0317056365311146,-0.0113781215623021
"BsmtUnfSF",-0.00793970376253128,-0.140759482979774,0.13264374434948,-0.00261835986748338,0.308158934116364,-0.13684056699276,0.149040386080742,0.181133091449738,0.114442065358162,-0.495251476764679,-0.209294497966766,1,0.415359616279602,0.317987442016602,0.00446909200400114,0.028166688978672,0.240257263183594,-0.422900468111038,-0.095804288983345,0.288886070251465,-0.0411175303161144,0.16664332151413,0.0300858691334724,0.250647068023682,0.051574882119894,0.19070827960968,0.214175194501877,0.183302700519562,-0.0053164241835475,0.129005417227745,-0.00253785448148847,0.0207640063017607,-0.0125792734324932,-0.0350922420620918,-0.0238366443663836,0.0348884426057339,-0.041258193552494,0.214479103684425
"TotalBsmtSF",-0.0154145658016205,-0.2385184019804,0.392074584960938,0.260833144187927,0.537808477878571,-0.17109751701355,0.391452014446259,0.291065573692322,0.363936215639114,0.52239602804184,0.104809537529945,0.415359616279602,1,0.819529950618744,-0.174511954188347,-0.0332453884184361,0.454868197441101,0.307350546121597,-0.000314581819111481,0.323722422122955,-0.0488037392497063,0.0504499562084675,-0.0689006447792053,0.285572558641434,0.339519321918488,0.322445183992386,0.434584826231003,0.486665457487106,0.232018604874611,0.247263744473457,-0.0954777374863625,0.0373837277293205,0.0844889879226685,0.126053124666214,-0.0184789225459099,0.0131961787119508,-0.014968647621572,0.613580524921417
"X1stFlrSF",0.0104960408061743,-0.251758337020874,0.457181006669998,0.299474567174911,0.476223826408386,-0.144202783703804,0.281985849142075,0.240379273891449,0.344500750303268,0.445862650871277,0.0971174463629723,0.317987442016602,0.819529950618744,1,-0.202646180987358,-0.0142406728118658,0.566023945808411,0.244671106338501,0.00195565354079008,0.380637496709824,-0.119915910065174,0.127400755882263,0.0681005865335464,0.409515976905823,0.41053107380867,0.233449086546898,0.439316809177399,0.489781647920609,0.235458627343178,0.211671218276024,-0.065291702747345,0.0561043731868267,0.0887580737471581,0.131524980068207,-0.0210957191884518,0.0313715599477291,-0.0136037701740861,0.60585218667984
"X2ndFlrSF",0.00558984884992242,0.307885706424713,0.0801772698760033,0.0509859472513199,0.295492887496948,0.0289421156048775,0.0103076593950391,0.140023782849312,0.174561470746994,-0.137078985571861,-0.0992603152990341,0.00446909200400114,-0.174511954188347,-0.202646180987358,1,0.0633529499173164,0.687501072883606,-0.169493958353996,-0.0238547846674919,0.42137798666954,0.609707295894623,0.50290060043335,0.0593057535588741,0.616422653198242,0.194560885429382,0.0708323419094086,0.183925583958626,0.138346955180168,0.0921654179692268,0.208026066422462,0.0619886890053749,-0.0243576485663652,0.0406064465641975,0.0814868807792664,0.0161968749016523,0.0351644270122051,-0.0286999139934778,0.319333791732788
"LowQualFinSF",-0.0442299582064152,0.0464737564325333,0.0384685359895229,0.00477897003293037,-0.030429283156991,0.0254943203181028,-0.183784350752831,-0.0624191015958786,-0.069070853292942,-0.0645025968551636,0.014806997962296,0.028166688978672,-0.0332453884184361,-0.0142406728118658,0.0633529499173164,1,0.134682819247246,-0.0471434220671654,-0.00584150478243828,-0.000709509593434632,-0.0270800497382879,0.105606570839882,0.00752174435183406,0.13118477165699,-0.0212721433490515,-0.0363632328808308,-0.0944795235991478,-0.0676014125347137,-0.0254436489194632,0.0182510390877724,0.061081238090992,-0.00429561035707593,0.0267994124442339,0.0621573738753796,-0.00379287078976631,-0.022173959761858,-0.0289208795875311,-0.0256061293184757
"GrLivArea",0.00827275775372982,0.0748531818389893,0.402797400951385,0.263116180896759,0.593007445335388,-0.0796858668327332,0.199009716510773,0.287388533353806,0.39085665345192,0.208171129226685,-0.00963989179581404,0.240257263183594,0.454868197441101,0.566023945808411,0.687501072883606,0.134682819247246,1,0.0348360501229763,-0.0189184825867414,0.63001161813736,0.415771633386612,0.521269500255585,0.100063167512417,0.825489401817322,0.461679130792618,0.231196746230125,0.467247426509857,0.468997478485107,0.247432827949524,0.330223947763443,0.00911321025341749,0.0206431895494461,0.101510398089886,0.170205339789391,-0.00241563958115876,0.0502396821975708,-0.0365258194506168,0.708624482154846
"BsmtFullBath",0.00228855549357831,0.00349102588370442,0.100948564708233,0.158154532313347,0.111097782850266,-0.0549415163695812,0.187598556280136,0.119469881057739,0.0853098258376122,0.649211764335632,0.15867805480957,-0.422900468111038,0.307350546121597,0.244671106338501,-0.169493958353996,-0.0471434220671654,0.0348360501229763,1,-0.14787095785141,-0.0645120516419411,-0.0309049598872662,-0.150672808289528,-0.0415025465190411,-0.0532752349972725,0.137927711009979,0.124552525579929,0.131881222128868,0.179189473390579,0.17531518638134,0.0673414617776871,-0.0499106496572495,-0.000106091538327746,0.023147726431489,0.0676155537366867,-0.023047024384141,-0.025360893458128,0.0670491382479668,0.227122232317924
"BsmtHalfBath",-0.020154744386673,-0.00233253464102745,-0.00723430467769504,0.0480455718934536,-0.0401501581072807,0.117820918560028,-0.0381618067622185,-0.0123370317742229,0.0266728289425373,0.0674184784293175,0.0709481313824654,-0.095804288983345,-0.000314581819111481,0.00195565354079008,-0.0238547846674919,-0.00584150478243828,-0.0189184825867414,-0.14787095785141,1,-0.0545358136296272,-0.0123399002477527,0.0465188473463058,-0.0379443503916264,-0.0238363407552242,0.0289755873382092,-0.0774636119604111,-0.0208910591900349,-0.0245355796068907,0.0401612222194672,-0.0253237579017878,-0.0085553340613842,0.0351136326789856,0.0321214087307453,0.0200246293097734,-0.0073665245436132,0.0328727066516876,-0.0465238802134991,-0.0168441534042358
"FullBath",0.00558745302259922,0.131608217954636,0.198768675327301,0.126030623912811,0.550599694252014,-0.194149494171143,0.468270778656006,0.43904647231102,0.276832848787308,0.0585431382060051,-0.0764438584446907,0.288886070251465,0.323722422122955,0.380637496709824,0.42137798666954,-0.000709509593434632,0.63001161813736,-0.0645120516419411,-0.0545358136296272,1,0.136380583047867,0.363251984119415,0.133115217089653,0.55478423833847,0.243670508265495,0.484557390213013,0.469672054052353,0.405656218528748,0.187703207135201,0.259977430105209,-0.11509296298027,0.0353530161082745,-0.00810609292238951,0.0496038272976875,-0.0142898447811604,0.0558721274137497,-0.0196688398718834,0.560663759708405
"HalfBath",0.00678381137549877,0.177354395389557,0.0535318553447723,0.0142594687640667,0.27345809340477,-0.0607693269848824,0.242655903100967,0.183330610394478,0.201443940401077,0.00426242453977466,-0.0321478359401226,-0.0411175303161144,-0.0488037392497063,-0.119915910065174,0.609707295894623,-0.0270800497382879,0.415771633386612,-0.0309049598872662,-0.0123399002477527,0.136380583047867,1,0.22665148973465,-0.0682625472545624,0.343414843082428,0.203648507595062,0.196785181760788,0.219178155064583,0.163549363613129,0.108080305159092,0.199740141630173,-0.0953165292739868,-0.00497248861938715,0.0724258422851562,0.0223814975470304,0.00129014486446977,-0.00904988776892424,-0.0102686686441302,0.284107685089111
"BedroomAbvGr",0.037718553096056,-0.0234380289912224,0.263169914484024,0.119689911603928,0.101676359772682,0.0129800597205758,-0.0706512182950974,-0.0405809283256531,0.10282114893198,-0.107354678213596,-0.0157281141728163,0.16664332151413,0.0504499562084675,0.127400755882263,0.50290060043335,0.105606570839882,0.521269500255585,-0.150672808289528,0.0465188473463058,0.363251984119415,0.22665148973465,1,0.198596760630608,0.676619946956635,0.107569679617882,-0.0645184367895126,0.0861064344644547,0.0652525275945663,0.0468537732958794,0.093809574842453,0.0415704362094402,-0.0244777966290712,0.0442996919155121,0.0707025825977325,0.00776697183027864,0.0465438589453697,-0.0360138937830925,0.168213158845901
"KitchenAbvGr",0.00295123644173145,0.281721025705338,-0.0060688303783536,-0.0177838709205389,-0.183882236480713,-0.0870008543133736,-0.174800246953964,-0.149597525596619,-0.0376102514564991,-0.0810068473219872,-0.0407512374222279,0.0300858691334724,-0.0689006447792053,0.0681005865335464,0.0593057535588741,0.00752174435183406,0.100063167512417,-0.0415025465190411,-0.0379443503916264,0.133115217089653,-0.0682625472545624,0.198596760630608,1,0.256045401096344,-0.123936235904694,-0.124411404132843,-0.050633892416954,-0.0644330456852913,-0.0901302695274353,-0.0700906068086624,0.0373123846948147,-0.0246003586798906,-0.0516133643686771,-0.0145251164212823,0.0623407252132893,0.0265889074653387,0.0316872075200081,-0.135907366871834
"TotRmsAbvGrd",0.0272387247532606,0.0403800643980503,0.35209596157074,0.190014779567719,0.427452355623245,-0.0575831644237041,0.0955891311168671,0.191739812493324,0.280681699514389,0.0443156249821186,-0.035226546227932,0.250647068023682,0.285572558641434,0.409515976905823,0.616422653198242,0.13118477165699,0.825489401817322,-0.0532752349972725,-0.0238363407552242,0.55478423833847,0.343414843082428,0.676619946956635,0.256045401096344,1,0.326114475727081,0.148111715912819,0.362288564443588,0.337822109460831,0.165983885526657,0.234191581606865,0.00415129913017154,-0.00668324111029506,0.0593825988471508,0.0837573483586311,0.0247628837823868,0.0369070768356323,-0.0345163531601429,0.533723175525665
"Fireplaces",-0.0197716318070889,-0.0455693416297436,0.266639471054077,0.271364003419876,0.396765023469925,-0.0238199774175882,0.147716403007507,0.112581320106983,0.24906961619854,0.260010927915573,0.0469207093119621,0.051574882119894,0.339519321918488,0.41053107380867,0.194560885429382,-0.0212721433490515,0.461679130792618,0.137927711009979,0.0289755873382092,0.243670508265495,0.203648507595062,0.107569679617882,-0.123936235904694,0.326114475727081,1,0.0468216501176357,0.300788760185242,0.269141227006912,0.200018793344498,0.169405326247215,-0.0248218681663275,0.0112572386860847,0.184530273079872,0.0950735211372375,0.00140860548708588,0.0463571026921272,-0.0240955650806427,0.466928839683533
"GarageYrBlt",7.23902339814231e-05,0.0850718691945076,0.0702497810125351,-0.0249474178999662,0.547765851020813,-0.324296742677689,0.825667500495911,0.642276763916016,0.252690762281418,0.153484091162682,-0.0880108177661896,0.19070827960968,0.322445183992386,0.233449086546898,0.0708323419094086,-0.0363632328808308,0.231196746230125,0.124552525579929,-0.0774636119604111,0.484557390213013,0.196785181760788,-0.0645184367895126,-0.124411404132843,0.148111715912819,0.0468216501176357,1,0.588919997215271,0.564567089080811,0.224576994776726,0.228424578905106,-0.297002613544464,0.0235436893999577,-0.0754175111651421,-0.0145006785169244,-0.0324174575507641,0.00533702597022057,-0.00101427792105824,0.486361682415009
"GarageCars",0.0165696777403355,-0.0401097945868969,0.285690933465958,0.154870733618736,0.600670695304871,-0.185757517814636,0.537850081920624,0.420622140169144,0.364203631877899,0.224053516983986,-0.0382635146379471,0.214175194501877,0.434584826231003,0.439316809177399,0.183925583958626,-0.0944795235991478,0.467247426509857,0.131881222128868,-0.0208910591900349,0.469672054052353,0.219178155064583,0.0861064344644547,-0.050633892416954,0.362288564443588,0.300788760185242,0.588919997215271,1,0.882475435733795,0.226342141628265,0.213569447398186,-0.151434153318405,0.0357652865350246,0.0504937916994095,0.0209335312247276,-0.0430801287293434,0.0405217297375202,-0.0391169041395187,0.640409171581268
"GarageArea",0.0176337789744139,-0.0986715406179428,0.344996720552444,0.180402755737305,0.562021732330322,-0.151521369814873,0.478953808546066,0.371599823236465,0.373066484928131,0.296970397233963,-0.0182265918701887,0.183302700519562,0.486665457487106,0.489781647920609,0.138346955180168,-0.0676014125347137,0.468997478485107,0.179189473390579,-0.0245355796068907,0.405656218528748,0.163549363613129,0.0652525275945663,-0.0644330456852913,0.337822109460831,0.269141227006912,0.564567089080811,0.882475435733795,1,0.224666312336922,0.241434678435326,-0.121776722371578,0.0350866988301277,0.0514117628335953,0.0610472708940506,-0.0273999143391848,0.0279737990349531,-0.0273779407143593,0.623431444168091
"WoodDeckSF",-0.0296431966125965,-0.0125793581828475,0.0885209366679192,0.171697691082954,0.238923385739326,-0.00333369919098914,0.224880144000053,0.20572592318058,0.15971814095974,0.20430614054203,0.0678983256220818,-0.0053164241835475,0.232018604874611,0.235458627343178,0.0921654179692268,-0.0254436489194632,0.247432827949524,0.17531518638134,0.0401612222194672,0.187703207135201,0.108080305159092,0.0468537732958794,-0.0901302695274353,0.165983885526657,0.200018793344498,0.224576994776726,0.226342141628265,0.224666312336922,1,0.0586606077849865,-0.125988885760307,-0.0327706336975098,-0.0741813480854034,0.0733782052993774,-0.00955122802406549,0.0210110452026129,0.0222704503685236,0.324413448572159
"OpenPorchSF",-0.000476911314763129,-0.00610012141987681,0.151972234249115,0.0847738087177277,0.308818817138672,-0.0325888134539127,0.188685834407806,0.226297631859779,0.125702798366547,0.11176061630249,0.00309256231412292,0.129005417227745,0.247263744473457,0.211671218276024,0.208026066422462,0.0182510390877724,0.330223947763443,0.0673414617776871,-0.0253237579017878,0.259977430105209,0.199740141630173,0.093809574842453,-0.0700906068086624,0.234191581606865,0.169405326247215,0.228424578905106,0.213569447398186,0.241434678435326,0.0586606077849865,1,-0.0930793210864067,-0.00584249943494797,0.0743039473891258,0.0607621110975742,-0.0185837391763926,0.0712548866868019,-0.057619359344244,0.315856218338013
"EnclosedPorch",0.00288921780884266,-0.0120366215705872,0.0107003366574645,-0.0183397345244884,-0.113936856389046,0.0703561827540398,-0.387267768383026,-0.193919152021408,-0.110203832387924,-0.102303303778172,0.0365433394908905,-0.00253785448148847,-0.0954777374863625,-0.065291702747345,0.0619886890053749,0.061081238090992,0.00911321025341749,-0.0499106496572495,-0.0085553340613842,-0.11509296298027,-0.0953165292739868,0.0415704362094402,0.0373123846948147,0.00415129913017154,-0.0248218681663275,-0.297002613544464,-0.151434153318405,-0.121776722371578,-0.125988885760307,-0.0930793210864067,1,-0.0373052842915058,-0.0828642472624779,0.054202564060688,0.0183605998754501,-0.0288872662931681,-0.00991593673825264,-0.128577962517738
"X3SsnPorch",-0.0466347895562649,-0.0438245497643948,0.070029228925705,0.0204228293150663,0.0303705669939518,0.0255036596208811,0.0313545130193233,0.0452858097851276,0.0187955144792795,0.0264505054801702,-0.0299933981150389,0.0207640063017607,0.0373837277293205,0.0561043731868267,-0.0243576485663652,-0.00429561035707593,0.0206431895494461,-0.000106091538327746,0.0351136326789856,0.0353530161082745,-0.00497248861938715,-0.0244777966290712,-0.0246003586798906,-0.00668324111029506,0.0112572386860847,0.0235436893999577,0.0357652865350246,0.0350866988301277,-0.0327706336975098,-0.00584249943494797,-0.0373052842915058,1,-0.0314358472824097,-0.00799154862761497,0.000353965268004686,0.0294737946242094,0.0186449252068996,0.0445836670696735
"ScreenPorch",0.0013302086153999,-0.0260301772505045,0.0413827896118164,0.0431603789329529,0.0648863613605499,0.0548105277121067,-0.0503644347190857,-0.0387400090694427,0.0614655427634716,0.0620206221938133,0.0888712480664253,-0.0125792734324932,0.0844889879226685,0.0887580737471581,0.0406064465641975,0.0267994124442339,0.101510398089886,0.023147726431489,0.0321214087307453,-0.00810609292238951,0.0724258422851562,0.0442996919155121,-0.0516133643686771,0.0593825988471508,0.184530273079872,-0.0754175111651421,0.0504937916994095,0.0514117628335953,-0.0741813480854034,0.0743039473891258,-0.0828642472624779,-0.0314358472824097,1,0.0513073951005936,0.0319457612931728,0.0232169926166534,0.0106941061094403,0.11144657433033
"PoolArea",0.05704390630126,0.00828270800411701,0.2061667740345,0.0776723921298981,0.0651658400893211,-0.00198494223877788,0.00494972756132483,0.00582937197759748,0.0117230610921979,0.140491291880608,0.041709054261446,-0.0350922420620918,0.126053124666214,0.131524980068207,0.0814868807792664,0.0621573738753796,0.170205339789391,0.0676155537366867,0.0200246293097734,0.0496038272976875,0.0223814975470304,0.0707025825977325,-0.0145251164212823,0.0837573483586311,0.0950735211372375,-0.0145006785169244,0.0209335312247276,0.0610472708940506,0.0733782052993774,0.0607621110975742,0.054202564060688,-0.00799154862761497,0.0513073951005936,1,0.0296686515212059,-0.0337366387248039,-0.0596889331936836,0.0924035459756851
"MiscVal",-0.00624240469187498,-0.00768329109996557,0.00336755649186671,0.0380676910281181,-0.0314062088727951,0.0687768086791039,-0.0343831405043602,-0.0102862492203712,-0.0298153944313526,0.00357147352769971,0.00493978103622794,-0.0238366443663836,-0.0184789225459099,-0.0210957191884518,0.0161968749016523,-0.00379287078976631,-0.00241563958115876,-0.023047024384141,-0.0073665245436132,-0.0142898447811604,0.00129014486446977,0.00776697183027864,0.0623407252132893,0.0247628837823868,0.00140860548708588,-0.0324174575507641,-0.0430801287293434,-0.0273999143391848,-0.00955122802406549,-0.0185837391763926,0.0183605998754501,0.000353965268004686,0.0319457612931728,0.0296686515212059,1,-0.0064945500344038,0.00490626227110624,-0.0211895797401667
"MoSold",0.0211721770465374,-0.0135846436023712,0.0111999548971653,0.00120498822070658,0.0708151683211327,-0.00351083860732615,0.0123984701931477,0.0214900020509958,-0.00596471549943089,-0.0157269481569529,-0.0152107384055853,0.0348884426057339,0.0131961787119508,0.0313715599477291,0.0351644270122051,-0.022173959761858,0.0502396821975708,-0.025360893458128,0.0328727066516876,0.0558721274137497,-0.00904988776892424,0.0465438589453697,0.0265889074653387,0.0369070768356323,0.0463571026921272,0.00533702597022057,0.0405217297375202,0.0279737990349531,0.0210110452026129,0.0712548866868019,-0.0288872662931681,0.0294737946242094,0.0232169926166534,-0.0337366387248039,-0.0064945500344038,1,-0.145721405744553,0.0464322455227375
"YrSold",0.000711794011294842,-0.0214070379734039,0.00744958920404315,-0.0142614068463445,-0.027346707880497,0.0439497455954552,-0.0136176804080606,0.0357432477176189,-0.00820103101432323,0.0143589228391647,0.0317056365311146,-0.041258193552494,-0.014968647621572,-0.0136037701740861,-0.0286999139934778,-0.0289208795875311,-0.0365258194506168,0.0670491382479668,-0.0465238802134991,-0.0196688398718834,-0.0102686686441302,-0.0360138937830925,0.0316872075200081,-0.0345163531601429,-0.0240955650806427,-0.00101427792105824,-0.0391169041395187,-0.0273779407143593,0.0222704503685236,-0.057619359344244,-0.00991593673825264,0.0186449252068996,0.0106941061094403,-0.0596889331936836,0.00490626227110624,-0.145721405744553,1,-0.0289225857704878
"SalePrice",-0.0219167191535234,-0.084284134209156,0.351799100637436,0.263843357563019,0.790981590747833,-0.0778558924794197,0.522897303104401,0.507100939750671,0.477493047714233,0.386419802904129,-0.0113781215623021,0.214479103684425,0.613580524921417,0.60585218667984,0.319333791732788,-0.0256061293184757,0.708624482154846,0.227122232317924,-0.0168441534042358,0.560663759708405,0.284107685089111,0.168213158845901,-0.135907366871834,0.533723175525665,0.466928839683533,0.486361682415009,0.640409171581268,0.623431444168091,0.324413448572159,0.315856218338013,-0.128577962517738,0.0445836670696735,0.11144657433033,0.0924035459756851,-0.0211895797401667,0.0464322455227375,-0.0289225857704878,1
